94
73
53
17
29
94
24
66
25
96
53
22
43
39
73
66
23
3
79
13
0
94
38
40
28
25
96
35
62
67
0
97
62
44
79
14
62
90
96
6
11
96
77
53
46
19
20
47
37
17
62
81
5
62
30
8
18
58
19
69
82
73
50
34
38
16
64
57
5
46
24
1
79
23
83
65
98
4
69
88
72
96
27
87
60
66
56
62
25
57
10
64
14
24
71
96
33
61
1
17
65
87
82
88
29
93
99
74
39
59
84
53
39
23
27
4
58
48
4
10
50
36
99
76
93
42
0
67
93
66
37
83
7
2
72
98
20
3
39
98
64
31
72
63
8
66
35
67
73
45
84
89
25
40
70
38
89
45
16
48
53
29
7
99
5
60
13
85
28
83
48
65
83
29
86
72
70
81
95
26
23
25
29
1
89
99
21
74
75
33
52
48
7
74
8
40
22
61
58
65
27
62
72
29
6
25
48
72
25
45
0
30
68
37
25
71
77
17
48
37
26
6
31
99
16
92
80
5
16
4
41
92
94
74
57
28
55
78
0
21
99
6
93
29
20
1
70
32
43
87
51
68
44
98
30
98
28
11
28
30
66
82
42
54
45
76
68
57
98
90
74
95
77
68
0
10
90
14
49
34
4
20
71
86
3
46
65
70
33
86
58
39
28
2
81
97
91
99
38
65
9
80
96
66
70
93
73
50
49
80
47
79
9
10
49
4
23
77
2
60
35
19
42
10
15
31
37
68
17
23
33
82
54
87
9
9
3
33
77
0
25
72
72
78
33
21
5
59
68
21
97
53
56
98
11
67
96
68
89
92
93
72
56
71
99
93
21
25
26
79
87
89
14
13
16
42
98
94
51
80
67
54
54
7
61
66
66
2
31
38
86
64
6
41
63
1
50
81
81
97
56
50
16
55
27
84
34
82
18
88
24
77
66
57
15
24
9
15
20
17
22
10
38
73
13
41
11
46
9
5
75
69
38
88
68
7
52
57
46
53
67
37
44
47
95
11
70
40
28
99
65
92
92
48
38
51
28
75
28
14
60
98
55
48
34
96
18
97
49
52
76
6
75
38
97
18
69
4
94
39
16
79
55
82
91
76
99
42
27
38
11
93
80
93
87
29
35
87
8
35
62
22
97
76
46
61
46
8
13
78
11
94
69
93
31
33
21
76
28
0
79
35
46
28
76
79
22
57
2
67
83
16
67
59
20
94
4
88
63
15
3
87
75
37
28
42
51
28
94
8
16
13
6
36
55
21
41
73
99
96
27
39
35
75
31
28
97
13
63
68
85
26
46
90
90
42
59
11
63
52
9
58
55
45
62
46
65
58
42
28
67
36
25
33
86
74
11
24
48
79
20
9
4
61
74
62
40
48
52
13
89
90
57
1
86
13
42
2
8
54
32
53
37
23
42
58
88
1
65
56
22
4
77
88
72
27
67
37
54
95
45
52
44
46
50
6
61
82
15
1
38
32
80
70
54
10
97
88
54
9
96
55
75
85
82
82
34
13
1
68
93
93
78
19
73
83
72
49
40
86
78
46
80
25
37
88
97
33
44
59
4
64
16
4
75
32
3
37
87
99
21
18
60
9
68
6
19
95
62
61
7
77
41
18
2
95
18
4
2
22
63
6
49
36
42
1
33
30
20
46
65
94
39
77
38
86
10
51
8
99
19
0
14
95
33
78
7
87
11
31
14
19
69
13
87
96
8
37
60
25
42
67
49
99
55
95
52
83
99
6
71
55
24
44
51
67
34
88
57
6
18
51
61
39
53
94
38
53
10
7
46
29
60
54
95
95
10
53
56
40
88
24
78
10
1
12
34
27
33
61
22
13
7
89
49
45
48
99
90
9
69
42
66
61
7
22
0
55
49
46
43
69
60
82
5
68
94
11
29
65
9
33
45
51
5
15
93
52
9
43
80
41
25
65
10
98
59
28
80
81
31
1
83
69
26
22
24
78
68
4
90
96
39
62
41
97
3
72
61
54
38
59
95
5
55
78
39
68
52
87
81
69
40
15
87
68
56
16
19
62
44
7
31
60
30
54
23
36
94
29
50
79
12
81
98
69
9
67
66
54
28
6
14
92
42
21
90
89
28
61
24
50
47
8
16
42
74
7
38
62
33
51
87
67
51
48
85
72
82
35
63
31
2
46
11
19
51
72
65
39
3
92
88
56
88
16
79
22
34
88
47
99
21
11
51
72
7
31
59
99
3
61
88
24
60
4
10
46
32
61
59
25
27
31
67
66
68
26
67
42
